Webots Project File version R2020b
perspectives: 000000ff00000000fd000000030000000000000069000003cdfc0100000002fb0000001e00480074006d006c0052006f0062006f007400570069006e0064006f00770000000000000000690000000000000000fb0000001a0044006f00630075006d0065006e0074006100740069006f006e0000000000ffffffff0000006900ffffff0000000100000271000002f2fc0200000001fb0000001400540065007800740045006400690074006f00720100000013000002f20000008900ffffff000000030000075c000000d9fc0100000001fb0000001a0043006f006e0073006f006c00650041006c006c0041006c006c01000000000000075c0000006900ffffff000004e9000002f200000001000000020000000100000008fc00000000
simulationViewPerspectives: 000000ff00000001000000020000014d0000039a0100000002010000000100
sceneTreePerspectives: 000000ff0000000100000002000000c0000000fa0100000002010000000200
maximizedDockId: -1
centralWidgetVisible: 1
orthographicViewHeight: 1
textFiles: 1 "controllers/antBot-supervisor/antBot-supervisor.py" "controllers/antBot-controller/antBot-controller.py"
consoles: Console:All:All
renderingDevicePerspectives: antBot:camera_front;1;2.56111;0;0.135252
