Webots Project File version R2020b
perspectives: 000000ff00000000fd00000003000000000000006900000444fc0100000002fb0000001a0044006f00630075006d0065006e0074006100740069006f006e0000000000000000140000006900fffffffb0000001e00480074006d006c0052006f0062006f007400570069006e0064006f0077000000000000000069000000000000000000000001000001d800000369fc0200000001fb0000001400540065007800740045006400690074006f00720100000014000003690000008900ffffff000000030000075c000000d9fc0100000001fb0000001a0043006f006e0073006f006c00650041006c006c0041006c006c01000000000000075c0000006900ffffff000005820000036900000001000000020000000100000008fc00000000
simulationViewPerspectives: 000000ff0000000100000002000001310000044f0100000002010000000100
sceneTreePerspectives: 000000ff0000000100000002000000c0000000fa0100000002010000000200
maximizedDockId: -1
centralWidgetVisible: 1
orthographicViewHeight: 1
textFiles: 1 "controllers/antBot/antBot.py" "protos/antBot.proto"
consoles: Console:All:All
renderingDevicePerspectives: antBot(1):camera_front;1;1;0.000906618;0
renderingDevicePerspectives: antBot:camera_front;1;1;0.833182;2.09662e-10
